# id	file_path	transparent_color_r	g	b
[TEXTURES]
0	textures\SpriteMario.png	68	145	190
1	textures\SpriteMarioRight.png	68	145	190
3	textures\StartScreen.png	0	0	255
30	textures\StatusBar.png	255	0	255
31	textures\PowerState.png	175	232	226
32	textures\BackGroundStatusBar.png	255	255	255
40	textures\Miscc.png	166	185	255
50	textures\Points.png	81	255	191
# id	left	top	right	bottom	texture_id
[SPRITES]

#################  SMALL MARIO  ###########################
1	1	1	2	17	1
100	138	50	152	66	3
101	155	50	169	66	3
# idle small right
10021	507	17	519	32	1
# walk
10022	507	17	519	32	1
10023	487	16	502	32	1
#Jump
10024	469	16	485	32	1
# idle small left
10031 	3	17	15	32	0
# walk
10032	3	17	15	32	0
10033	20	16	35	32	0
#Jump
10034	37	16	52	32	0

#========STATUS BAR=============
80000	3	3	155	31	30
# Card Bar
80001	163	3	235	31	30
80002	0	0	500	500	32
80003	0	0	50	500	32
#========NUMBER STATUS BAR===============
# num 0
80010	33	32	41	39	30
# num 1
80011	43	32	51	39	30
# num 2
80012	53	32	61	39	30
# num 3
80013	63	32	71	39	30
# num 4
80014	73	32	81	39	30
# num 5
80015	83	32	91	39	30
# num 6
80016	93	32	101	39	30
# num 7
80017	103	32	111	39	30
# num 8
80018	113	32	121	39	30
# num 9
80019	123	32	131	39	30
#=========POWER STATE==========
# tier0
80020	2	2	66	9	31
# tier1
80021	2	11	66	18	31
# tier2
80022	2	20	66	27	31
# tier3
80023	2	29	66	36	31
# tier4
80024	2	38	66	45	31
# tier5
80025	2	47	66	54	31
# tier6
80026	2	56	66	63	31
# tier7
80027	2	65	66	72	31
##########         point     ##############
#100
80100	33	25	44	33	50
#200
80101	47	25	59	33	50
#400
80102	62	25	74	33	50
#800
80103	77	25	89	33	50
#1000
80104	92	25	107	33	50
#2000
80105	110	25	126	33	50
#4000
80106	129	25	145	33	50
#8000
80107	148	25	164	33	50
#1UP
80108	167	25	183	33	50
#startmap
#tree
80201	1	17	17	32	3
80202	18	17	34	32	3
80203	35	17	51	32	3
80204	52	17	68	32	3
#Help
80205	18	2	34	15	3
80206	1	1	17	16	3
# ani_id	sprite1_id	time1	sprite2_id	time2	...
[ANIMATIONS]
1	1	100
2	100	100	101	100

#Tree
950	80201	300	80202	300	80203	300	80204	300
951	80205	1000	80206	1000
# id	ani1	ani2	ani3
#
[ANIMATION_SETS]
# MARIO
1	2
# BRICK 
2	601	600
#start
13	950	951
[EFFECT]
80100
[OBJECTS]
# type	x	y	ani_set_id	extra_settings per object type
# type: 0 = Mario , 1 = Brick, 2 = Goomba, 4 = fire bullets, 5 = Ground
# MARIO
0	17.0	32.2	1
#GROUND
13	0	-48	1	224
13	0	0	1	16
13	0	-32	1	48
13	0	-16	1	48
13	0	16	1	48
13	0	32	1	48
13	0	48	1	48
13	0	64	1	48
13	0	80	1	48
13	0	96	1	48
#				
13	64	-16	1	48
13	64	0	1	48
13	64	16	1	48
#				
13	128	-16	1	48
#				
13	192	-32	1	32
13	192	-16	1	32
13	192	0	1	32
13	128	16	1	96
13	128	32	1	96
13	64	48	1	160
13	192	64	1	32
13	192	64	1	32
13	64	64	1	16
13	64	80	1	48
13	128	80	1	96
13	128	96	1	160
#				
13	0	112	1	224

#Tree
14	0	0	13	0
14	16	0	13	0
14	32	0	13	0	
14	0	16	13	0
14	16	16	13	0
14	32	16	13	0
14	0	48	13	0
14	16	48	13	0
14	32	48	13	0
14	0	64	13	0
14	16	64	13	0
14	32	64	13	0
14	0	80	13	0
#
14	64	16	13	0
14	80	16	13	0
14	96	16	13	0
14	64	16	13	0
14	64	32	13	0
14	80	32	13	0
14	96	32	13	0
14	64	48	13	0
14	80	48	13	0
14	96	48	13	0
#
14	128	16	13	0
14	144	16	13	0
14	160	16	13	0
#
14	192	0	13	0
14	208	0	13	0
14	192	16	13	0
14	208	16	13	0
14	192	32	13	0
14	208	32	13	0
#
14	128	48	13	0
14	144	48	13	0
14	160	48	13	0
14	176	48	13	0
14	192	48	13	0
14	208	48	13	0
#
14	128	64	13	0
14	144	64	13	0
14	208	64	13	0
#
#12	64	80	13	0
14	80	80	13	0
14	96	80	13	0
14	112	80	13	0
14	208	80	13	0
14	208	96	13	0
14	208	112	13	0
14	208	128	13	0

14	192	82	13	1
# --- SCENE PORTAL ----
# type	l	t	ani_set_id	r	b	scene_id
50	51	3	1	55	10	1
[STATUS_BAR]
80000	80001	80010	80020
[TILE_MAP_DATA]
900000	tilemap\MapStart.png	tilemap\MapStart.txt	8	4	10	15	16	16